3374,3375,3398,3399,3422,3423,3446,3447
